Id,SalePrice
1461,114623.39282989978
1462,144364.1533523798
1463,183320.30353933308
1464,198319.95560708045
1465,183850.7066864279
1466,173536.44468146077
1467,181192.84591472938
1468,164315.6002839479
1469,197552.34055725214
1470,111054.7959387164
1471,201071.08984914477
1472,94837.18092261326
1473,92235.88537305561
1474,141058.31720489686
1475,113229.6246743875
1476,363398.8649933946
1477,238084.73220659152
1478,276314.5013289745
1479,276467.3885022903
1480,500493.72685284493
1481,312022.8409717174
1482,205819.36306882417
1483,179004.6762072181
1484,160097.10476612276
1485,184130.40261262952
1486,193028.39251339596
1487,313472.8033862718
1488,238993.23648224605
1489,193489.01223610094
1490,241716.13930346872
1491,192547.16663426952
1492,93765.32373630155
1493,187167.04118804066
1494,277259.2112362124
1495,270373.0996127188
1496,242014.83678744492
1497,185780.43154419033
1498,162893.4417031086
1499,156769.57904206187
1500,152569.74055934759
1501,181703.19176860809
1502,143432.31763197115
1503,299767.9042137899
1504,240530.5246356949
1505,225939.78979456847
1506,190821.22710872677
1507,263851.9974962114
1508,211807.6145639494
1509,154613.9279182696
1510,140239.87124470968
1511,154982.8567783987
1512,174303.31610835498
1513,146210.82285463595
1514,155156.06460178547
1515,204862.2983974832
1516,155199.58947369352
1517,182308.86425851643
1518,130644.46144099999
1519,211755.92239013367
1520,122686.90980359807
1521,129108.71918265046
1522,176063.22740591026
1523,111214.50279054455
1524,134395.7932006876
1525,116541.47382545144
1526,111505.39179971031
1527,106908.72177285134
1528,140011.2642039269
1529,145563.47998142356
1530,194650.3696120561
1531,112950.20994138074
1532,99700.87701725606
1533,150497.65303673266
1534,126679.19317758153
1535,156270.78913891088
1536,111323.75551040038
1537,56735.84779729571
1538,148236.29242745138
1539,187086.06661929653
1540,93741.01265977517
1541,136965.7782199202
1542,135193.52600226778
1543,188099.30345038598
1544,82809.20048425336
1545,116396.71700926717
1546,126171.80126445812
1547,123781.91124128179
1548,132593.47542487617
1549,110290.91406418316
1550,125365.6221810153
1551,113634.74680483705
1552,134771.7330913468
1553,137133.51992460046
1554,121177.00078622105
1555,159708.78772981008
1556,87407.14280105203
1557,104367.2448222609
1558,99794.32972975429
1559,76256.76498271804
1560,135585.47544022158
1561,120028.56635074459
1562,128769.39974263076
1563,122604.30213506121
1564,151617.43852728882
1565,133388.43427994245
1566,250077.05484381417
1567,74593.71444920867
1568,237127.6732920706
1569,126431.38917091995
1570,132072.54453564232
1571,118306.49349593511
1572,148419.0227424731
1573,248723.0028679926
1574,115273.55119031317
1575,221119.0379734247
1576,260133.6296535431
1577,176035.26848016743
1578,145010.69084579832
1579,131303.75421524647
1580,194879.19682536868
1581,162657.90591592508
1582,122709.90718893343
1583,297067.9543181654
1584,221643.72809958275
1585,134405.2992905958
1586,62779.45032509849
1587,98683.65203982558
1588,163054.57861474142
1589,93873.54073062676
1590,136314.51956429385
1591,95676.73809796464
1592,121520.19064355886
1593,127923.20209979953
1594,149998.28375902295
1595,105495.71007773078
1596,212872.63216204807
1597,181541.46778345236
1598,208317.5126134136
1599,171333.02421002852
1600,155170.53756174733
1601,64078.216830311976
1602,114071.28776687129
1603,88685.91964940794
1604,251418.907182545
1605,238089.42921318766
1606,164167.78468500645
1607,168044.54877081292
1608,210567.34648792644
1609,185208.75233818177
1610,144995.04718205053
1611,132368.43708480103
1612,168593.98397915452
1613,168150.7297100796
1614,131233.67997984908
1615,93289.21694360483
1616,79555.4235756008
1617,94754.07283843643
1618,122795.22345513197
1619,134176.2348670872
1620,157136.06404447724
1621,128566.19999852806
1622,139346.99877024596
1623,245554.32152806854
1624,207486.5315654364
1625,116014.32889570817
1626,166067.48913594853
1627,193925.28733807898
1628,284783.55785154935
1629,170531.35333133838
1630,338179.38073537615
1631,211369.79360490822
1632,226280.4350521458
1633,166890.32056657106
1634,186750.5512075726
1635,173613.2040174417
1636,150941.66693114853
1637,203459.83146218976
1638,179012.62279453044
1639,187776.34629844633
1640,251533.6288416999
1641,183215.9287564299
1642,243179.20058172822
1643,214643.9421019632
1644,228746.1159357878
1645,211726.02633864433
1646,154001.83613974857
1647,153673.90853651174
1648,128273.77227481756
1649,141291.32498299744
1650,109164.89953622814
1651,118830.32386058921
1652,99145.10459144233
1653,99843.1838016748
1654,144827.9534017679
1655,133113.0434732584
1656,133477.9184042786
1657,146132.09207644977
1658,141124.2604056316
1659,119114.57992571534
1660,154298.41670506322
1661,439198.39204622625
1662,417119.4650986523
1663,368280.02155736514
1664,521466.782769823
1665,300129.68900329486
1666,328444.7755020379
1667,360734.6983139227
1668,337084.31757478986
1669,289771.79681541614
1670,346279.5561639239
1671,256436.75576203442
1672,426370.9915595625
1673,280633.29055116687
1674,231172.45447878836
1675,191917.31459151092
1676,187907.20090301012
1677,215041.84888334636
1678,472685.9997151887
1679,384247.0975981766
1680,337186.8020497531
1681,248149.5742386321
1682,302766.18060430407
1683,180687.47310905525
1684,169105.84820549737
1685,172342.2754535255
1686,170939.82466141807
1687,170147.59708437315
1688,186193.90334488035
1689,197423.842015316
1690,197103.5532749105
1691,180512.58701303854
1692,257099.5177136897
1693,152710.10895076575
1694,184554.7119814554
1695,162851.19602310294
1696,268085.47702396975
1697,171228.54162390454
1698,326039.4423961464
1699,321517.8790848868
1700,245434.38510006006
1701,262992.7987827986
1702,233760.2445738382
1703,234086.49567651705
1704,275967.2496977387
1705,234237.5807620378
1706,434888.8162927832
1707,211377.33285282215
1708,196645.83407410962
1709,259883.975088059
1710,221267.94392588438
1711,266979.8357825497
1712,261213.61231383812
1713,279259.95799826796
1714,217931.77546712535
1715,204249.7440148367
1716,187895.8717900191
1717,175705.36437012436
1718,141367.1463978798
1719,210658.15312173392
1720,244101.84724647718
1721,166790.0257819189
1722,131582.78085226176
1723,161268.45133739422
1724,208609.1498772996
1725,246056.41402748873
1726,179716.39309491645
1727,157036.2916474836
1728,172682.2831639798
1729,164542.5554048158
1730,172157.87582896394
1731,122153.79400513062
1732,125264.50329018937
1733,110588.84759729322
1734,118466.4018715083
1735,124133.91675457079
1736,107754.98080747205
1737,326709.09266583784
1738,232254.546547362
1739,272076.4487802709
1740,228296.95757165627
1741,197757.63355268777
1742,176722.13399788932
1743,180309.9606040767
1744,354602.18884095724
1745,210956.6079651681
1746,185456.03406557546
1747,214482.0589334511
1748,234754.83511572852
1749,136613.81450162368
1750,127175.24083288254
1751,262288.3167311686
1752,121269.65689451316
1753,149123.40009867336
1754,187873.92336400872
1755,170584.33053945572
1756,129474.72419533596
1757,125252.83204640572
1758,144646.91952445745
1759,158662.6026248642
1760,158459.71305694059
1761,142669.9918648688
1762,183760.75508707663
1763,186697.5352874567
1764,112070.2004873571
1765,169823.5125366704
1766,189841.7453273604
1767,235888.95728519626
1768,144499.68467987305
1769,174536.5000835691
1770,157398.7117210844
1771,116097.9156013263
1772,129583.28777116728
1773,124771.80463510122
1774,152792.3259334542
1775,146251.59772074418
1776,119065.2994354541
1777,114019.91326525355
1778,148310.96986314125
1779,116120.34355303114
1780,173194.96801546984
1781,129547.78098105604
1782,83880.8886561381
1783,140861.44596482688
1784,101974.96929906362
1785,124504.79193762396
1786,185650.44724171326
1787,167961.31936082855
1788,57557.90178273126
1789,98722.75102251304
1790,79844.95425028118
1791,195470.4069448145
1792,161703.8363802655
1793,124300.56118598377
1794,158399.0267868367
1795,132040.61373278438
1796,127626.84387421208
1797,109657.59543428627
1798,121677.3515148513
1799,107764.71620575715
1800,118740.57635939201
1801,127954.33369618926
1802,131519.47158349404
1803,148118.4007466906
1804,128834.97685058517
1805,141507.9084213365
1806,130146.11780688775
1807,124075.3487858532
1808,113375.27273424806
1809,118370.11685863027
1810,131769.39075241872
1811,90935.65429126492
1812,95405.26835544963
1813,123605.98704233524
1814,93617.93857911289
1815,53437.04917860977
1816,104221.73209599989
1817,96415.26143660146
1818,151346.5430083686
1819,123069.77050852029
1820,67197.76457526635
1821,118568.95701993498
1822,149057.4211998006
1823,51537.15154156286
1824,119878.09927789905
1825,131119.23216458532
1826,99690.91053782127
1827,101554.87648869916
1828,131141.45204021313
1829,117807.0228450004
1830,140194.0818596895
1831,145422.785541004
1832,76696.73882250056
1833,136801.64525523223
1834,113275.054365988
1835,106229.81040029046
1836,126429.63297202683
1837,78664.33675729996
1838,118313.62241253893
1839,106961.62795595771
1840,134669.57930013083
1841,134840.1151099284
1842,85168.80165335098
1843,127231.23304031466
1844,130848.29913373357
1845,132680.78390986242
1846,157194.2912493514
1847,169969.87656356176
1848,51941.62016564691
1849,111492.44171594417
1850,113357.1508294431
1851,160899.36385807558
1852,128626.78542664724
1853,123152.21548492907
1854,170366.7115828709
1855,143070.0117063355
1856,226212.65102312577
1857,147522.2837903583
1858,142500.3506603949
1859,116291.77807027193
1860,137491.13121752656
1861,117591.47532291447
1862,341512.33723575086
1863,316971.3812314992
1864,317072.562628384
1865,377061.2500169683
1866,346879.07437567663
1867,221619.6635894102
1868,290574.4046719315
1869,203962.63095774868
1870,217122.08937335148
1871,252986.8721666574
1872,171376.55160756243
1873,242691.3564584465
1874,152874.56828684843
1875,202661.6537380572
1876,201258.85978641096
1877,207450.7047027048
1878,196887.19076367156
1879,126762.93086258367
1880,129069.29352174213
1881,249029.30666244315
1882,241528.81809658298
1883,185020.49130306827
1884,205551.00594075967
1885,246522.5174726136
1886,291546.86292049685
1887,208569.81890198376
1888,264424.0517982653
1889,164150.52268855594
1890,116519.09435314022
1891,127632.76678117352
1892,92305.924486436
1893,125914.75928430776
1894,121446.34060227106
1895,133874.497231841
1896,129062.23152374505
1897,112674.1255141638
1898,114213.62388222398
1899,155623.9408208604
1900,146390.47026306528
1901,166057.18299166474
1902,147066.13107081442
1903,217392.48127464848
1904,133427.77267026505
1905,191478.82768974185
1906,161715.22555562312
1907,190379.7742105468
1908,105197.80741203202
1909,126616.96374326722
1910,118917.72747541813
1911,201052.0388320125
1912,315853.7748480041
1913,135454.43067827544
1914,73925.78747046473
1915,312256.3791892488
1916,61320.82256742233
1917,231338.3891339437
1918,137798.9406303667
1919,165064.23219885447
1920,162561.84946200703
1921,393854.524665832
1922,339035.3198085719
1923,240479.57316852332
1924,235664.10927473442
1925,198696.69184256933
1926,411334.728287328
1927,131062.22216903328
1928,149823.29210383998
1929,126880.34144080048
1930,120919.0504298729
1931,134361.63538568185
1932,135951.03504002988
1933,177181.20316090513
1934,185137.9069407195
1935,162070.3330111093
1936,198439.73310739602
1937,186179.03449506295
1938,171629.32490741592
1939,227347.20924249227
1940,182122.12216317662
1941,171529.46009033863
1942,185805.73382555268
1943,205231.4960735074
1944,351748.2399962277
1945,393967.5228607961
1946,135932.22471643932
1947,306509.4319989208
1948,171052.71364650075
1949,242032.1655270619
1950,189703.5179423811
1951,234730.86289208982
1952,206066.64264890278
1953,170730.3977612627
1954,187114.06279027948
1955,134945.6061088923
1956,357216.6511694527
1957,154160.9999617761
1958,308359.5922705292
1959,150257.73074895528
1960,115007.9637937487
1961,116539.99920945757
1962,95913.44157452598
1963,103260.52819507802
1964,104866.05048603051
1965,140900.2506637829
1966,134736.0551182153
1967,283703.08337410697
1968,404168.64278936165
1969,386536.5048285368
1970,398906.40518730396
1971,472339.4178089262
1972,366892.316355078
1973,255984.25961683848
1974,324022.5164553598
1975,575364.4904482603
1976,262552.11768388195
1977,358213.83354963927
1978,336472.07612132526
1979,338536.79179078393
1980,200574.3313129349
1981,359432.66698857263
1982,215157.5583590278
1983,199007.3361071029
1984,161343.07212342025
1985,228336.42572527291
1986,203742.9276965938
1987,192406.56821121747
1988,175456.19386123755
1989,191758.53548534095
1990,206314.27711110166
1991,235253.32255524409
1992,219730.9709769366
1993,162167.07959361424
1994,235530.46986793767
1995,183126.0361453156
1996,251088.85774217758
1997,287082.19177594496
1998,296490.1016995705
1999,266069.0279989005
2000,316065.1341278852
2001,265121.88915247534
2002,229743.45290227205
2003,246318.9734401307
2004,291303.94742284005
2005,221901.4258348397
2006,220413.89384834765
2007,247285.77686723834
2008,220614.3709159386
2009,196276.30979481037
2010,196260.0147158925
2011,144856.42853702512
2012,175013.90408368382
2013,173596.04129100352
2014,186941.736480977
2015,201474.26790190078
2016,192662.79003005635
2017,197700.78028270075
2018,118903.95631521146
2019,134477.38274848112
2020,106618.01354242457
2021,94884.94349483751
2022,184337.0661779318
2023,139860.72723745747
2024,273000.9909493912
2025,356410.68685243325
2026,181520.9072552024
2027,160298.89667490977
2028,153922.40601652773
2029,170727.59479067198
2030,273100.262025669
2031,233071.15100800197
2032,256610.73789031492
2033,259348.37104471296
2034,173809.38538861927
2035,231056.28521840338
2036,204939.38431285505
2037,212625.81102864782
2038,356216.80397707585
2039,230465.4307842549
2040,291963.4715370464
2041,303412.52822443953
2042,208030.94178611308
2043,186539.55222825383
2044,165843.7757131978
2045,208183.08219487144
2046,150564.14904316468
2047,136993.5525551784
2048,138424.92888469878
2049,146603.80328710875
2050,173425.7280485341
2051,102728.19618867365
2052,113726.446491735
2053,156166.01962502507
2054,82454.03651699399
2055,151779.61689487624
2056,147140.12505574638
2057,108793.89233241018
2058,220218.67118354965
2059,130105.88142764782
2060,180082.08875429863
2061,177670.4160016092
2062,128364.97063715172
2063,117240.77450007411
2064,133774.36237692303
2065,116360.46570969808
2066,160114.1746831616
2067,123335.4363254751
2068,148024.66144220534
2069,84205.71678545563
2070,115392.09647802763
2071,96284.77202678438
2072,137133.28573191518
2073,126075.98384251648
2074,186686.2290436178
2075,150731.8611049071
2076,115071.59598959009
2077,150525.74223305716
2078,120883.70351064776
2079,131908.61734722013
2080,122634.40105012427
2081,124638.55357258076
2082,108874.70182166049
2083,146854.96541897976
2084,111195.71332376212
2085,114893.91169991343
2086,107184.44148395919
2087,126320.45535259615
2088,93044.95255799853
2089,80833.99028315705
2090,117958.21638075911
2091,94620.42432779116
2092,125311.81574556683
2093,115767.94512090526
2094,105191.77233425471
2095,151843.1639629602
2096,80861.09760040411
2097,96905.54771153629
2098,142259.95782169877
2099,51967.67247815271
2100,69808.00707201402
2101,100218.97952155756
2102,134841.09991729292
2103,99253.69731574733
2104,142927.02313935285
2105,123451.32912172133
2106,58266.80893311851
2107,202496.21200517795
2108,115159.86348554125
2109,112503.46874883144
2110,122362.22978232695
2111,130062.80763749983
2112,136866.4417207586
2113,112449.92685133142
2114,117949.43119760162
2115,163846.2758430836
2116,118029.32615438924
2117,141531.89820195732
2118,126051.52942833166
2119,117963.5336548662
2120,108680.57610208279
2121,87630.20670840322
2122,119767.53891877328
2123,79153.2484497072
2124,157871.97345671654
2125,123447.96707727232
2126,140422.20793841605
2127,142724.61243124408
2128,128147.66229500656
2129,88086.05780572772
2130,124611.31189720919
2131,154979.40853251854
2132,112668.99441538042
2133,126305.43263024747
2134,123915.49088414825
2135,91425.65639095702
2136,70042.26419250021
2137,107089.22841734704
2138,127585.15421697075
2139,149083.65030491108
2140,142804.45955273826
2141,160507.6808400066
2142,128615.9519015484
2143,148268.20653715715
2144,120665.50591316022
2145,142101.5311147879
2146,177302.16087762854
2147,132664.2237644724
2148,131119.64589292157
2149,156752.1541091946
2150,240161.47272227902
2151,115375.62750353769
2152,198253.6626620979
2153,167368.92030660226
2154,102892.11887683994
2155,141276.08631363435
2156,267860.9041364336
2157,236324.48761194036
2158,246237.71496106355
2159,221386.82789770846
2160,180190.7678408088
2161,233754.121077235
2162,412150.2248012291
2163,360107.5907907881
2164,262186.1512538286
2165,203008.6266361311
2166,164067.18036850408
2167,221296.08077504116
2168,191874.7820649473
2169,189805.97809598362
2170,208604.03847253713
2171,157183.33187554634
2172,128428.22924866156
2173,174434.76460311332
2174,227535.99892586487
2175,284104.4308626503
2176,315017.6305676767
2177,244027.9293870679
2178,208406.30962965035
2179,135297.2462952374
2180,210932.63325465255
2181,191017.63000438243
2182,226013.0200693678
2183,187020.58339033474
2184,115068.35468104594
2185,112760.67056551675
2186,146613.32863225232
2187,148725.20395517044
2188,149548.88112899524
2189,280490.97943143157
2190,75804.66403928367
2191,77796.3810023464
2192,83917.10741679532
2193,106859.36499089094
2194,104747.51286044311
2195,101968.22918540351
2196,97307.33170837592
2197,120525.61651387815
2198,176505.45529912872
2199,190842.77743896694
2200,139723.48769949414
2201,138637.74110834947
2202,201115.33597315178
2203,123606.25492427028
2204,175776.38944105234
2205,111978.56966158948
2206,125083.10199013902
2207,191654.3740457134
2208,262887.82909506746
2209,230737.86383724769
2210,114477.03152682503
2211,117837.61988594267
2212,125836.55346820274
2213,103925.15924644617
2214,132097.42921923887
2215,100354.05399451454
2216,147265.90776870362
2217,57781.44388387951
2218,92122.62596851226
2219,82202.132431888
2220,80971.9558123813
2221,314084.2189539293
2222,272359.9526819916
2223,286297.53122268384
2224,208205.1662307318
2225,118097.71215466245
2226,187891.53570101006
2227,198245.6976299542
2228,275773.3620694854
2229,269562.641463675
2230,149185.3929535288
2231,215826.98556281353
2232,181409.08938702237
2233,163250.8726666588
2234,238753.51146380568
2235,220387.59179400667
2236,269888.12930677243
2237,319685.75509507174
2238,191314.9433241444
2239,112106.22250372544
2240,159153.99865235228
2241,143601.76784339536
2242,127274.64583090691
2243,135043.47267659658
2244,98249.42407608272
2245,99762.04382452517
2246,132790.3409146763
2247,119497.27461072466
2248,120567.38700013873
2249,115017.71748469285
2250,123662.42397113597
2251,105602.85822988862
2252,190499.06160995242
2253,155852.87102362115
2254,176080.26020628266
2255,186416.55633975004
2256,170954.6663371639
2257,220741.7372508828
2258,157293.53890729524
2259,179524.70756875456
2260,152428.77493992247
2261,179924.1573780891
2262,209382.63264641323
2263,359008.5962683689
2264,480333.6917376123
2265,172779.08024630477
2266,301485.2780458896
2267,363940.6146716056
2268,415368.5480031819
2269,150408.38296287478
2270,195956.7436281812
2271,214417.0922280672
2272,195687.7719402172
2273,159948.0389186949
2274,184847.3258915852
2275,160060.5930887839
2276,191759.6687656518
2277,180730.49982322112
2278,149236.77901166212
2279,120834.06784693424
2280,118049.5020092581
2281,171202.6983023226
2282,198124.66480476662
2283,108471.62488899757
2284,113084.38316085243
2285,140470.64404213833
2286,126837.48229864497
2287,387102.5991069871
2288,269674.6552945077
2289,366315.29847633286
2290,485212.72428501357
2291,333514.7369135404
2292,453421.65546969173
2293,490711.58992449846
2294,392571.98188933
2295,533285.0991536462
2296,286058.3921458741
2297,356543.5575258907
2298,348623.4629579574
2299,341229.4764436815
2300,334826.2282381948
2301,308782.7702813412
2302,237591.13109582436
2303,231912.40618250816
2304,239306.72659549234
2305,195285.062782484
2306,185817.91386952187
2307,198343.36461472636
2308,210990.21508087902
2309,288479.14216520236
2310,211882.41615501177
2311,205043.5433838927
2312,168194.9790312709
2313,168548.21480794312
2314,167977.0875085283
2315,183450.4802267591
2316,202950.42768532658
2317,189194.73515830367
2318,178311.94639920557
2319,182891.8739984913
2320,188959.07396839288
2321,241214.33701297853
2322,186182.45933787277
2323,202276.69178953997
2324,176396.68293345324
2325,220160.89596653768
2326,170301.82701352195
2327,199077.33622839532
2328,220942.687986899
2329,197388.12877498925
2330,186835.96102781952
2331,329120.58034921717
2332,399203.86257482687
2333,315269.38823608175
2334,240313.45178060952
2335,266273.1349244104
2336,294133.4171660412
2337,201640.09187795332
2338,264894.9162003474
2339,216808.3333442376
2340,439642.36708670284
2341,219641.92333954712
2342,229594.37517699078
2343,221488.33600479085
2344,216131.7913243052
2345,225935.13310706583
2346,215687.54266428974
2347,200791.93665291707
2348,245032.6918103009
2349,181609.09314953515
2350,326214.3248508853
2351,277050.54340552475
2352,254314.26841998793
2353,250099.55196049003
2354,149584.90170181624
2355,147066.61041769365
2356,155489.0851674725
2357,189705.90384037324
2358,196535.6818945459
2359,137843.08615802694
2360,110961.72854186177
2361,151396.089854383
2362,279291.391737323
2363,137494.86286043783
2364,163941.385777949
2365,227743.81232508793
2366,199886.4308606368
2367,233689.95666690965
2368,225283.5134546582
2369,228657.7733870534
2370,171615.9415422501
2371,163072.06915839537
2372,191254.3041680333
2373,297282.73035185854
2374,317196.62085802073
2375,267108.10530597146
2376,282365.640593167
2377,352288.1402529292
2378,142394.51308977028
2379,209765.92006623786
2380,150843.58028750969
2381,174834.17977868652
2382,208580.86874644257
2383,210271.25843985265
2384,260565.48597013927
2385,165454.23447330468
2386,130126.1327722767
2387,132245.20251137635
2388,105140.31952209274
2389,111589.85825404269
2390,142987.91969942438
2391,141910.3511094168
2392,119239.94084848813
2393,172986.93962149456
2394,143473.71011931522
2395,218248.25357079197
2396,142427.82393085133
2397,229482.938989163
2398,129655.79532128047
2399,60965.11945195397
2400,58888.32236992459
2401,111143.69610421025
2402,141743.82651166306
2403,149257.86043057172
2404,148643.35771696927
2405,163869.1943353562
2406,146215.08071643228
2407,132451.75864302673
2408,147329.53973897218
2409,123828.2329343163
2410,167050.81357550147
2411,109048.904594373
2412,154163.5140882334
2413,130427.88863220219
2414,168684.9118453486
2415,138490.78139935716
2416,123086.37241769211
2417,137532.51881542508
2418,135136.71924384555
2419,132056.76478679894
2420,116644.9928834882
2421,154954.04881306266
2422,104924.98051539155
2423,110795.39526780852
2424,165513.69198950633
2425,211587.17897846753
2426,140908.0619693839
2427,126025.96866886831
2428,167360.1259054509
2429,113059.03876363573
2430,132926.49951089107
2431,104502.65304676353
2432,148494.24514763197
2433,147673.80334039486
2434,135663.45936105706
2435,154181.7490839238
2436,104852.50753102839
2437,101802.12316654754
2438,119133.17701769422
2439,103947.45967326062
2440,123658.27013015503
2441,96174.43330490678
2442,98023.03957466426
2443,136769.59318010692
2444,134527.67237455695
2445,86907.63787922738
2446,139194.6888363699
2447,188641.09689799813
2448,125918.81933160232
2449,110390.88420705384
2450,150373.63597930124
2451,119193.14286852132
2452,192459.14441100732
2453,92062.9939423334
2454,132978.18139203644
2455,110729.3336090658
2456,133344.21921752984
2457,129957.26089229068
2458,121089.49778441274
2459,116050.43764613692
2460,138056.97536795386
2461,129918.8271778301
2462,135232.44646503913
2463,119699.83822966937
2464,181329.06255869134
2465,139150.83356823455
2466,109155.41818167297
2467,122521.02754460141
2468,82668.3301074871
2469,79541.98853227397
2470,197429.02314366607
2471,216150.49853455345
2472,159673.01943944508
2473,107676.75256593619
2474,61321.27463269641
2475,233279.24398577167
2476,117884.8050953482
2477,125394.50690036068
2478,160615.9543268788
2479,98340.99412898146
2480,161818.22366092383
2481,121836.22415559502
2482,124382.78156285189
2483,106689.60452274814
2484,117680.06921372848
2485,119510.20364737064
2486,147146.1494640171
2487,170359.38089263032
2488,173523.03513851482
2489,149504.5510389588
2490,147147.4407090065
2491,93739.97245207826
2492,194006.4496803191
2493,145437.79563236024
2494,144114.57444149491
2495,88214.86452836002
2496,232853.67437885297
2497,160611.22528936274
2498,109033.50635829767
2499,85773.08331076724
2500,118310.91730314528
2501,143359.3789617006
2502,151143.3063971464
2503,95183.31165098524
2504,210149.89441763988
2505,221454.95319106494
2506,257079.37481677308
2507,285280.6732017958
2508,256448.05172555317
2509,213683.8807160812
2510,215011.70073629374
2511,174808.62942178396
2512,211182.72657930615
2513,219024.701242208
2514,259924.5746729256
2515,152925.41605531928
2516,170364.17586525733
2517,151367.89634011648
2518,158644.2299959159
2519,240075.8667480118
2520,223067.81467368707
2521,187700.15532724425
2522,225102.6625081058
2523,114071.32975508767
2524,134222.01459160727
2525,147360.572967567
2526,138217.42395821837
2527,117426.28940595497
2528,122045.66113496076
2529,128519.6233017121
2530,115617.65779873583
2531,257172.91708975923
2532,231865.56882125026
2533,194983.76604926918
2534,233579.82908719883
2535,302743.7429071399
2536,237880.3380050862
2537,247068.4361553893
2538,183332.6116312317
2539,188739.22651471518
2540,188012.0867714134
2541,177722.24278399476
2542,162650.63031224633
2543,119763.76632819808
2544,117465.72370658387
2545,128122.9507944071
2546,126024.32403579127
2547,140725.86194067044
2548,163544.069781296
2549,149190.9799054568
2550,853461.989218166
2551,136838.04621297822
2552,135926.13959977342
2553,73652.10422360394
2554,85671.57720801151
2555,123425.59449182687
2556,99972.34794821702
2557,98174.25479752968
2558,156723.82821669438
2559,135086.3207641846
2560,151853.33005908207
2561,144461.490737981
2562,136129.39525687674
2563,144236.21193432776
2564,184579.2667303174
2565,129199.8093891737
2566,144804.67292310495
2567,127171.39030848231
2568,195402.5044460637
2569,240030.48476835925
2570,111566.40228327217
2571,177872.92630383783
2572,151079.17845536658
2573,204182.16371096513
2574,272723.1229164339
2575,129514.528662303
2576,113896.62454472718
2577,136234.24692157155
2578,88173.14240678816
2579,61329.322506828896
2580,107967.01248006626
2581,120327.19837630758
2582,134158.83203050206
2583,282619.6595308653
2584,173621.5645800411
2585,184463.5451788817
2586,231546.00183355904
2587,203600.9320950662
2588,129858.90663597007
2589,142425.76423786074
2590,213263.90261422243
2591,228904.24417364033
2592,224679.58830797163
2593,268784.7875922421
2594,181290.06898604686
2595,197055.49672050503
2596,294897.8550791189
2597,187346.2706264399
2598,295101.3562767543
2599,363183.5910845647
2600,157849.04329203584
2601,145215.77274896213
2602,84350.9144556388
2603,91319.86489396179
2604,91302.18888572979
2605,78701.276091276
2606,136077.71611396788
2607,233051.52781949827
2608,189634.20328645993
2609,168801.84834484346
2610,106724.14629159492
2611,115560.46890441662
2612,153060.66939752386
2613,134881.58722508771
2614,120337.59987914612
2615,153743.44066912017
2616,146152.50476506096
2617,185619.4542485099
2618,234746.31852203808
2619,204893.7052252759
2620,190091.97266773597
2621,179050.3650860137
2622,181685.35559715208
2623,255884.62429223178
2624,321584.4677593923
2625,275772.2615164783
2626,177497.36329962267
2627,154270.659643728
2628,501857.73058578034
2629,562858.7574097653
2630,366162.9168025752
2631,503930.5908060653
2632,417549.415953885
2633,303156.84051671263
2634,425311.3186020656
2635,160844.67411564838
2636,166686.4253644597
2637,182026.33900007533
2638,266651.7719400747
2639,183160.92749254723
2640,145710.9018806429
2641,102891.73380991034
2642,202204.96489618448
2643,104766.92422767782
2644,113735.94176738162
2645,111553.66254537585
2646,95133.31723175546
2647,103396.0123661018
2648,136623.23637167868
2649,156398.50086222435
2650,138511.39666780006
2651,134558.77055466012
2652,410661.93910249555
2653,247352.42326611598
2654,242090.05888404307
2655,421326.38333047123
2656,320124.466988112
2657,355901.73251960345
2658,313709.6044041695
2659,307151.39990236546
2660,352975.43924324267
2661,366075.47256318765
2662,379918.0095071671
2663,266633.4018994531
2664,276629.8914831979
2665,334110.3611296986
2666,285225.9512972853
2667,173257.25378730037
2668,177894.63318800897
2669,188005.00167005704
2670,283950.88896843
2671,188714.09274801554
2672,201553.90810179774
2673,201564.6068736723
2674,195768.363725162
2675,180765.14093322813
2676,194282.97694500803
2677,207992.3827493283
2678,266493.6173975826
2679,259389.433529438
2680,268183.1135754229
2681,400960.21852352686
2682,309893.4008952924
2683,573534.5485769061
2684,299685.79492013704
2685,327753.678686568
2686,243626.1292301141
2687,311630.02627871867
2688,216770.51422431582
2689,212582.81562788202
2690,445987.1006810852
2691,189117.91217105277
2692,145344.7984522364
2693,205572.07869052942
2694,150303.22867326345
2695,195159.22999493242
2696,182621.25655844223
2697,190656.7005676362
2698,194747.01462996806
2699,177986.3427193613
2700,155736.36910825665
2701,151884.38369020182
2702,111327.3761105009
2703,131075.92472499615
2704,140870.23958084223
2705,115479.43294722306
2706,105655.05768609002
2707,128880.70738268424
2708,136385.1980207551
2709,103069.19457139456
2710,124658.05560124059
2711,335365.64198127895
2712,399785.20699884585
2713,178375.6294167008
2714,139830.36773270945
2715,172729.7853648802
2716,145909.55583153517
2717,185540.67320682955
2718,220012.48255649663
2719,149183.45689092414
2720,173176.05431862737
2721,129187.01626738107
2722,154189.14922569977
2723,138079.18370687717
2724,128296.94969964917
2725,127783.98889754094
2726,154574.6663003104
2727,166422.12371728264
2728,187963.9135127429
2729,145606.61776265837
2730,155369.89940175522
2731,142853.5774301415
2732,139472.73894960937
2733,165184.41164789198
2734,153187.1139423449
2735,135493.7166060708
2736,140904.31381016536
2737,120950.27492532297
2738,138144.6877879663
2739,167440.59259975463
2740,141661.09962050035
2741,144572.99326622518
2742,151485.26577071994
2743,158576.2034448239
2744,166309.82181496266
2745,143803.39241444267
2746,140320.5010672804
2747,147038.277198532
2748,125540.03251184606
2749,129166.01632378205
2750,133958.15980296244
2751,138948.32340331736
2752,194133.47096702526
2753,144867.56288027743
2754,234690.73442470666
2755,137741.57827158118
2756,95617.84044229098
2757,64904.23516803608
2758,91816.43922800718
2759,164902.4580946606
2760,113531.20306278931
2761,149448.5363095657
2762,146630.1085648264
2763,188622.2730029608
2764,144141.38232677177
2765,318917.56403147447
2766,134494.47929907922
2767,86396.75369131764
2768,130311.79365097138
2769,130160.61200513854
2770,139663.87628821912
2771,105572.81591944775
2772,107406.92039700598
2773,162268.16436614603
2774,149144.65257485153
2775,114523.0903839774
2776,146030.82470573107
2777,142127.2782316526
2778,102301.41930481493
2779,124464.02532848922
2780,94883.28457214552
2781,98772.39540730622
2782,93642.45319932316
2783,91011.0660502758
2784,120163.4131256736
2785,138417.8824060993
2786,66603.23464328678
2787,122605.13318164845
2788,76666.61773113572
2789,161585.93039368332
2790,92932.32577399416
2791,107063.63355310072
2792,68969.25382703521
2793,157352.04439064578
2794,89808.4232309116
2795,118566.5227989061
2796,94926.92309342006
2797,203863.5833635903
2798,101368.88516925203
2799,107502.3607761402
2800,65057.581082661534
2801,102556.7495338953
2802,127476.14733140574
2803,168599.4189183365
2804,134135.44870775272
2805,106347.9117005612
2806,88019.16827983517
2807,169164.2655633
2808,145429.02169252327
2809,133950.8452930557
2810,121664.95900115225
2811,166050.84193080853
2812,169697.1757877521
2813,153093.09336429156
2814,148464.84170920373
2815,97868.27794028523
2816,233906.82727727806
2817,158327.98497881673
2818,132098.92281878504
2819,153227.99687589903
2820,133257.31229240508
2821,101425.53715657718
2822,191744.08792924153
2823,381951.3516519502
2824,192015.34456226998
2825,144841.39554109587
2826,140190.94360289595
2827,134206.5734581373
2828,225044.68737769735
2829,229549.07913810704
2830,228654.9487798497
2831,167594.54993130712
2832,257757.39100349144
2833,316847.39566018904
2834,231753.47618519963
2835,227221.16969737428
2836,187858.5138691802
2837,148180.89704018476
2838,152944.36118907656
2839,166843.24002645706
2840,209995.0498302817
2841,201125.22341414943
2842,235212.85190423188
2843,146055.01071629632
2844,170799.47028460697
2845,136737.34466879364
2846,206648.8716096077
2847,212928.17298467035
2848,221814.66500278565
2849,194474.50520508015
2850,283927.51206197374
2851,220244.34962851158
2852,240248.4940915069
2853,227667.3013815538
2854,137214.3054107889
2855,202545.7080476019
2856,202155.36246817294
2857,184711.45732554546
2858,214390.65944660685
2859,98587.9716537302
2860,124740.42309241467
2861,127486.35928228493
2862,187204.55207898997
2863,119578.4356191873
2864,244021.66036403534
2865,141042.0957578715
2866,150440.01103552946
2867,99909.61597317773
2868,89211.68173220418
2869,98576.80577701937
2870,116764.78906784047
2871,78751.56260975366
2872,50098.88426134129
2873,99639.24159426597
2874,147365.2134938822
2875,113271.32667351053
2876,176581.93200821974
2877,165343.95244473201
2878,148591.75121149022
2879,139215.64349852028
2880,104028.60942427359
2881,140123.424009494
2882,171469.9076406451
2883,181993.4879949416
2884,183667.2822006124
2885,177543.14699845857
2886,237375.50226197476
2887,96481.58067891681
2888,148273.48640310077
2889,55418.41653533882
2890,81675.56688649209
2891,138062.51419518434
2892,56576.04544064512
2893,95206.57581313295
2894,66299.45256010117
2895,335044.72421383765
2896,273167.1974126402
2897,212945.66144656186
2898,146303.90903976653
2899,203218.235220444
2900,157862.21918582104
2901,214459.55694597642
2902,183487.23583537547
2903,328140.6253535234
2904,378058.07284094754
2905,79313.17171069387
2906,195746.62839495385
2907,113366.79930607813
2908,127993.59476350177
2909,149467.32565843122
2910,80378.84770784205
2911,84435.63293741073
2912,137542.09541319747
2913,80046.21309829965
2914,78006.52714687336
2915,90063.39277485765
2916,82420.21036719193
2917,168094.719842873
2918,116407.29395994302
2919,219662.01196198715
